SNP_Num	 P_value	 F_value
1 0.811881188118812 0.939018653633393
2 0.920792079207921 0.87820869195844
3 0.96039603960396 0.870329521240449
4 0.891089108910891 0.906794554780916
5 0.940594059405941 0.888629270511879
6 0.99009900990099 0.879014162193886
7 1 0.839377186906282
8 0.940594059405941 0.904427381316153
9 0.475247524752475 1.00213753870618
10 0.792079207920792 0.923026477945882
11 0.306930693069307 1.01982755521998
12 9.99900009999e-05 1.61547275619855
13 1 0.869242294653661
14 0.673267326732673 0.949521963960213
15 0.95049504950495 0.900208371382018
16 0.831683168316832 0.929153504122198
17 0.267326732673267 1.04885546292036
18 0.772277227722772 0.949882847941224
19 0.693069306930693 0.961624955719955
20 0.623762376237624 0.964137049474082
21 0.841584158415842 0.919013630780471
22 0.732673267326733 0.946346527090523
23 0.801980198019802 0.941750837920584
24 9.99900009999e-05 3.75563506811424
25 0.811881188118812 0.942271548950556
26 0.722772277227723 0.962133147220871
27 0.712871287128713 0.955488476628078
28 0.653465346534653 0.959590061024079
29 1 0.825048224222531
30 9.99900009999e-05 3.29044911408591
31 0.722772277227723 0.9423905124327
32 0.732673267326733 0.946823424183794
33 0.108910891089109 1.09888895966233
34 0.366336633663366 1.02688912115101
35 0.643564356435644 0.97379949890734
36 0.97029702970297 0.885279077251913
37 0.247524752475248 1.04827260123574
38 0.782178217821782 0.945003318032122
39 1 0.797110607696736
40 0.920792079207921 0.911190766636669
41 0.712871287128713 0.957874120550179
42 0.782178217821782 0.944675822044328
43 0.96039603960396 0.885831026557615
44 0.821782178217822 0.938650730706903
45 0.643564356435644 0.973871843161237
46 0.613861386138614 0.984402794614237
47 0.97029702970297 0.883233235755647
48 0.99009900990099 0.864382265630982
49 0.831683168316832 0.924745850041168
50 0.99009900990099 0.868793482110628
51 0.891089108910891 0.900031538195094
52 0.564356435643564 0.988125725415751
53 0.910891089108911 0.910002040407195
54 0.98019801980198 0.878939500776378
55 0.207920792079208 1.05324967353563
56 9.99900009999e-05 2.59813402961112
57 0.574257425742574 0.974230110194349
58 0.702970297029703 0.950160613415743
59 0.871287128712871 0.903840959755524
60 0.940594059405941 0.904427381316153
61 0.693069306930693 0.974616464141675
62 0.584158415841584 0.974082871565013
63 0.772277227722772 0.943668322487003
64 0.732673267326733 0.953106321937839
65 0.287128712871287 1.01892317828336
66 0.940594059405941 0.893321981076249
67 0.851485148514851 0.947006314103085
68 0.99009900990099 0.841550161199777
69 0.940594059405941 0.870329521240449
70 0.99009900990099 0.850257301760561
71 1 0.758213983652531
72 0.96039603960396 0.88123604924108
73 0.831683168316832 0.922142839439364
74 0.031968031968032 1.17170962255661
75 0.742574257425743 0.945311902216282
76 0.752475247524752 0.943528814801802
77 1 0.867459106879428
78 0.336633663366337 1.03039293280173
79 0.95049504950495 0.888629270511879
80 0.891089108910891 0.897558502335497
81 0.752475247524752 0.951935967709719
82 0.99009900990099 0.851352292397591
83 0.861386138613861 0.917325437886389
84 0.99009900990099 0.827631666432916
85 1 0.783659941430403
86 0.594059405940594 0.971466189991078
87 0.217821782178218 1.05989199780428
88 0.97029702970297 0.86066081048082
89 0.861386138613861 0.909543295554965
90 0.96039603960396 0.885346105690399
91 0.910891089108911 0.898054492078905
92 1 0.814491513898566
93 0.891089108910891 0.91469742619258
94 0.831683168316832 0.923590544566036
95 0.98019801980198 0.894043104762662
96 0.0001999800019998 1.48622300198585
97 0.792079207920792 0.9381192663709
98 0.98019801980198 0.834722787325305
99 0.217821782178218 1.03931284704218
100 0.831683168316832 0.917224475955252
