1.15593018077183 0.132526042653471
0.542263382763065 0.131378302004346
2.26069703887539 0.148376792791466
0.433003278755744 0.180787158657441
0.702906021865817 0.21307882790236
0.519618178094723 0.209225600796298
1.14932313325921 0.217629761067122
0.810999463643383 0.258682776637796
0.896157854999199 0.178427810257117
1.08321898090645 0.137038802909563
1.34084429577583 0.162653148531898
1.24282531800107 0.146381639967496
0.514950552959221 0.249238494472939
1.16565011995505 0.120258021230978
1.71078109816113 0.217622381940409
1.22277143179998 0.168410195045157
1.33793295162192 0.184245837094237
0.995619443250789 0.198963702724684
1.16121999139033 0.223328835995056
1.29334879822204 0.0981776483514363
1.66509267600164 0.20395807279234
0.806792140273879 0.159155716229643
1.27590942565223 0.252570401130842
1.15472036336927 0.142221419896724
0.797221878466842 0.201764816497819
1.04404643122411 0.232475249073505
0.819502463447071 0.173058057930554
0.993288179364745 0.183516824879977
0.721285542550221 0.17936607774784
1.23955272021767 0.193475987212381
0.773789490775092 0.184090266062923
0.8324277154175 0.200596162848575
0.796202388709337 0.230944363556261
0.862932723136026 0.184463579205844
0.881962694171726 0.262581221051962
0.829656062933931 0.286440512663283
1.20565658432295 0.121837946800544
1.19355264200984 0.170829197986527
1.27250672015605 0.327111958796233
0.80385191306022 0.23978265910729
2.76609448853443 0.164087755203432
0.608507222011751 0.253184086801262
0.91243686906009 0.204282018337727
0.837339134246357 0.182887977677858
0.461206903752162 0.211922609419149
1.37657098688607 0.183591900349543
1.39582881712497 0.214192531639267
0.851906525933113 0.147134229296377
1.09844240992643 0.176430614893999
0.969720426958801 0.190815162921229
0.96542232561573 0.174660445466397
0.940516101744314 0.307538160002578
1.03196392110147 0.201047219786275
1.1570149567769 0.138839841428795
0.525977481079417 0.166183769062974
0.50537917254486 0.163220691367604
1.44082633143873 0.153333400751219
0.658574202849909 0.190268421008788
0.666915463449267 0.205664476025916
0.841397206807977 0.260607743432427
0.806207141386201 0.178438125485642
0.673965729276437 0.240235349054387
0.933197592553518 0.158701633088874
1.0638886646525 0.217106959896897
1.01840083550363 0.212384147398631
0.829634553344904 0.251941173449292
0.867631675045866 0.243351073180127
0.551112260104611 0.25543994814491
0.9387282821612 0.159833983968035
0.850920699536464 0.223699020431076
0.914989847448872 0.256545855741246
0.737444563034693 0.206148374120447
1.52242750604183 0.108619002721831
0.960905086183338 0.148316746534468
1.56824393602703 0.143222374187901
0.914033774310251 0.284472966471245
0.757691037161965 0.291361542651307
0.73055668691248 0.205263148894468
1.46070059894997 0.177277593866512
0.762627192122529 0.241598809772615
1.63197898686965 0.221031828512728
1.45941031050023 0.181057031211719
0.865988625634345 0.197478523018469
0.721156046172933 0.166834407298309
0.690276020565561 0.211085363726558
0.691911481277728 0.172184779198553
1.28523997024257 0.184175250151656
0.561761034618869 0.270640465184938
1.53742505121458 0.198949586769017
1.35758103438996 0.136479383340992
1.63509862679025 0.199384956651941
0.444567160300253 0.293678482124327
0.741026962580006 0.188008245493395
0.938969204673866 0.181061416438155
0.952505253150395 0.20663354243527
0.629907966253056 0.156003527317703
1.03884581215929 0.221697934863826
0.911788942745463 0.263419759668754
0.783188919354032 0.127397449231205
0.808283771690385 0.207611354926117
1.40811068356811 0.168429637576976
0.488148100820703 0.198223146644846
1.3682092176084 0.169105188998424
0.692777375679373 0.202817031609724
0.423888279375043 0.155442763761911
1.20229108724143 0.181466206345721
1.13523441718382 0.189525939003944
1.10109546779878 0.249569308308477
1.1308195767264 0.173429632146415
0.889936755177073 0.174653631464029
1.76727305395075 0.124004969676617
0.756364832870678 0.160708631605411
0.762133337098742 0.16178448340276
0.865840811437031 0.262564483108416
1.11473084591462 0.212346388332646
0.586306601416231 0.220950110212707
0.583907971228597 0.199453182510551
1.0119823464313 0.215421793296752
0.759863601991154 0.163408186901543
1.31330943165246 0.146369238376782
1.90016132120423 0.158622161306895
0.996485232136186 0.146915863576372
1.18206785672371 0.237247275748062
0.867717509673515 0.148219622727225
0.564695303236336 0.282352980501508
0.647193568287236 0.228159969792412
0.966734998739194 0.160857265513371
0.958628062696707 0.15128712547499
1.19905312953371 0.273776742851249
1.00349111338618 0.217776999812814
1.71518117012953 0.239629556148846
1.14569320361396 0.284216974164261
0.9957699441018 0.178653840796929
1.19458717695579 0.210721640386842
1.36589698496226 0.240479020215218
0.891462205586785 0.230311464513501
1.06189725744244 0.226308473114619
0.960688278778891 0.264743214209428
2.04671868489422 0.18065177886703
1.16722261147988 0.195533880937666
1.13118905595738 0.307606413053385
0.771014164795105 0.201758924706767
1.07008056252067 0.17626426312381
0.985379868509208 0.201045170296926
0.628614774456909 0.192502258531003
0.689316567478952 0.173045188613019
0.765269029204251 0.300405883406012
1.32939760135175 0.145595699475699
0.50722158991914 0.180314307991588
0.961036384959723 0.21528210402303
1.69696157998851 0.130896764981328
0.78180403622437 0.170856871053469
0.302592808022718 0.306666173062656
1.45711623422563 0.18202129760023
1.1677051205763 0.183110078247226
0.776002727949602 0.241571670098343
0.67210370925924 0.190235598480154
0.778272252664081 0.196128856054535
0.608654918003704 0.178195079498148
0.543893068453944 0.222741118778211
2.12522817681551 0.185430895281725
1.71195081064856 0.0998361552863876
1.10382005577809 0.239053320063184
0.816121580739748 0.251438108126621
0.786774376300335 0.220264979430574
0.994958313106178 0.172494052179303
1.0280047364998 0.215027815356595
1.35039569698747 0.135027831384165
0.510678511475633 0.265673547397871
0.868491644231478 0.156213510635906
1.65901642515344 0.162169343599081
0.562947602376401 0.216756549919955
0.716432626427462 0.140293101306585
0.696300369927926 0.226491604828098
1.70340259923464 0.146909838099738
0.847777095108825 0.159499258610497
1.1571517764247 0.240678694360458
0.805217817916538 0.266424615762317
1.28597050783032 0.142576047425779
1.40287048695415 0.165014778868053
0.947001856119181 0.155853127693444
1.24520889651113 0.260699180872564
0.929026057890817 0.189998553361517
1.01221284748025 0.224034875479872
0.610325987904783 0.204684870163262
0.595083805256412 0.205770740827248
0.513813216432791 0.234977955835055
0.975725368011165 0.224576742990534
0.349382371195642 0.275875808036248
1.79231153171904 0.224039515142975
2.79089120704025 0.180997150269273
1.26071775729154 0.106219993617563
1.05951124372664 0.237201597564173
0.75075677025729 0.241641071616261
1.12245191554304 0.129159595522113
0.778863979788982 0.224287191662822
0.910187095986669 0.141630871873849
1.57926985002305 0.152682402984106
0.790570401585087 0.240242505075684
0.847260825748572 0.122885168967214
2.43363490721785 0.0886511690722374
0.889880522964315 0.170145708865086
1.68272875848457 0.172284657216604
1.02963934331415 0.177890900147317
1.44101068126137 0.0988548587076212
1.15438296900316 0.196629907384576
1.59166954459355 0.213085497512729
0.809526317366329 0.237850258236818
0.863740178959363 0.239494250622594
0.872480121265492 0.142843552168683
2.00263454912708 0.182004541227914
1.37160371694872 0.1172138711799
1.08357306831412 0.195481596843884
1.02411891081105 0.207510932862235
1.26331679772644 0.224059244912081
1.35022554868603 0.324767220580353
0.811366689905485 0.188971669321542
0.866470891421754 0.238405393714111
1.14983601840059 0.156420104268609
1.37077938229648 0.183979945778867
1.2591176357507 0.249603042765317
0.7135964263329 0.213113649541123
0.877273643199112 0.172462248409972
1.02321462855847 0.228361704225768
0.807025561298407 0.185906150484748
1.32540411105989 0.143538636065362
0.75961729288907 0.225166775025206
0.746440762157202 0.172461167812601
0.644472539659457 0.190656843976545
0.785678278257019 0.164799680678267
2.3953719370118 0.159388414469196
0.877271474756106 0.183834312035874
1.24375858457448 0.238560602738848
1.04820283852239 0.197327955352417
1.18137519246145 0.205637463934863
1.00365560337875 0.252710178454092
0.993113314083409 0.20984965298383
1.29146110225837 0.173029541380677
0.963932585657407 0.132233234966998
0.920175074291723 0.241652755687738
1.96437773340424 0.213414727513961
0.655246201592701 0.220081241658919
1.06110039942798 0.247081331864567
0.474096819715887 0.171340720750598
0.838514560867853 0.286610966405205
1.49433628069291 0.239018988641823
1.06911352127913 0.168381175387208
1.04005847865624 0.175125913331766
0.468108365936485 0.186357022481253
0.561033563073946 0.26577439088604
1.37126002761055 0.229344200404617
0.845875083476 0.205278010203904
0.82744785761034 0.186101397475
0.488621280023074 0.274713595612486
0.732902593680555 0.298111900535837
1.43933189013265 0.209541029407335
0.859942841767546 0.168572751209777
0.779394787919263 0.181737369981044
0.919870210656458 0.219925148062788
1.04658442060769 0.214964139260956
1.93343673135637 0.180079605040226
0.871468075187973 0.186278482435933
1.15645881723532 0.218184087900052
0.996644194450499 0.222815981356965
0.495951184257928 0.153561556657595
0.591818167704246 0.169179052690732
0.736076912527448 0.243607929552461
0.697782385890427 0.230319990391971
1.42589900171056 0.248655443187986
0.609839832393778 0.197921458522185
1.61221563501638 0.221419182521266
1.49959117712331 0.175925492496071
1.09850616613017 0.226820418436849
1.48339249038906 0.193147061540497
0.835959708355535 0.306783381721704
0.644005787759668 0.284878534755553
1.14187110870731 0.17774502016723
1.01100450213233 0.161359109168326
0.767213746479081 0.248594929469253
0.791430213545608 0.227065811608803
1.02848081564938 0.201572216811132
0.970864865417293 0.257860974335424
1.0542821580755 0.18308165890015
0.871983538973979 0.166103973092544
0.960246450093039 0.21209443305588
0.98883657768162 0.215643942258509
1.90199495024874 0.174165418977945
0.900245355892725 0.202293555098219
0.702850526237468 0.190373048435204
0.864544542558232 0.193091717058706
1.965139962442 0.23353088660758
0.797915770761503 0.177547683509021
0.726013962055652 0.209290937401857
0.519828735835926 0.256576012893035
1.60753664099229 0.135208321616256
0.914112703132524 0.255817133119843
0.466957362562781 0.187016023128413
0.770401311331318 0.158878695066329
0.971223335448316 0.302370128791146
0.979565706915654 0.130844566292696
2.00450133499295 0.251008332428903
0.529037846830606 0.231004517459026
1.06454864313328 0.0983855544162838
1.74932914981093 0.187023706651559
1.01584486457414 0.177412716290834
0.62377103235547 0.211999452332026
1.28509661534591 0.274165301847992
0.820058793485894 0.207952988879077
0.230492585640169 0.252725626902107
1.41764592404126 0.229811449156308
1.97378749532225 0.198844812874024
0.777161956119034 0.234380703508723
1.13857189583393 0.181504754975493
0.927220930873615 0.237906367954907
0.829914045623693 0.201503446798512
0.793363460405133 0.206989079078518
0.948727894455764 0.23049895804241
0.900653044298862 0.137577899645569
1.37951293471163 0.177980017751066
0.827074232701076 0.189640113891492
1.2339939640667 0.186721593321017
0.676095110375728 0.210272608938114
1.30329959115205 0.207406153448229
0.927563417923683 0.160816917468146
1.40839295141266 0.120044174291102
1.28191530899042 0.14912927218736
1.16557863304229 0.161175503545887
0.712891182598595 0.229280929497226
0.767216894840703 0.242906345806086
0.671095119031122 0.17146905839272
2.43539348850557 0.204422521760179
0.351191556069072 0.207102410821683
1.39356551321699 0.163623730329849
0.739470790020714 0.282988571536069
1.32028414169267 0.139422178580258
1.328051918396 0.138026578289225
1.04449572063286 0.181318694646933
1.60552480200952 0.232026375081468
1.07392396678157 0.162946202722578
0.545611575069644 0.212466710663292
1.01914198887688 0.130309649902272
1.16089082352835 0.215015547920282
1.01798563228485 0.15080759691616
0.883831738982134 0.219252129711546
0.813835140657437 0.183055977304683
1.16837620957277 0.249673281744867
0.715746039402014 0.272451965938465
0.818455375473793 0.204500321781176
1.00706077614008 0.176769470235365
0.605046751319928 0.189214936061366
1.27186698756201 0.145904799220378
1.77754397881141 0.252529541807468
1.19190175695269 0.289019790483963
0.798913608485803 0.232719809632799
1.62439343107544 0.213906479879757
0.953270418809795 0.212101778431273
1.09676976660059 0.221374704027451
1.00728053168028 0.249625380837598
0.927965536870139 0.21413223782329
1.00165046002628 0.194760432883542
1.29336147420798 0.216949825338936
1.33712995262379 0.149073017794657
0.660351762229051 0.210568092330214
1.3617464800668 0.132995011036695
0.841443898689545 0.170540567089082
1.1210004791509 0.278262605997628
1.0918218858227 0.172486315605987
0.771399858284531 0.164909287570269
1.12057364972024 0.315524771044227
0.880077114933194 0.202424711099473
1.09887987149973 0.206729862988632
0.909821287508189 0.200758869720826
1.0823507712319 0.21589153657431
0.92472330184782 0.268846117306596
0.479417870830698 0.252128546499611
0.867152648786571 0.174651598817571
0.853861955751926 0.185577182391364
0.63699422198097 0.262265149523228
0.620792741216395 0.238013293561452
0.946058114306886 0.171101705495839
1.47329069106792 0.201747301975199
0.78462916724638 0.199144752541186
0.950575108062074 0.293718168174491
1.12690363467286 0.157141558897187
0.769110179292883 0.250447313698973
1.56553960265571 0.163903366711557
0.888218402953091 0.130020291752908
0.762890807759845 0.259570463879214
1.03015652166036 0.194798232333764
0.906522750941584 0.183033064104196
2.03706626605007 0.209931758988532
0.595137278744772 0.272471074453312
0.61005381083706 0.21039961248821
0.952021378132038 0.16665519878826
0.585986011332243 0.189544416135765
1.32051524520203 0.303266195283025
0.63583203249045 0.300909796743901
1.11325594781592 0.180244108021684
1.10581892236884 0.207424721366933
1.19938750856478 0.210191437645674
1.48023117231695 0.180630814056458
1.33214705093401 0.143724233501143
0.648184230192426 0.128646640069747
1.15959647310413 0.203804800141723
0.878541345266805 0.270769147995758
0.706464911523595 0.17395615682465
0.711985563236721 0.202136772015535
1.05382379764491 0.271239801517293
0.712800747852882 0.218401758811991
0.997636568343008 0.184988896179392
2.31314497703287 0.18296875755299
1.16333229137053 0.170856381324872
0.707245093098149 0.219134599093554
1.19211732956132 0.20891663620168
1.22555248381174 0.234697154403751
0.804788459129595 0.182438116658643
0.998815569366736 0.246915240425663
0.636202158865237 0.194064607357587
1.25684520282125 0.266367309713535
0.523867271912573 0.177747267198303
1.30069538680207 0.122350865639162
0.719850985964274 0.228583886175111
0.606923665992618 0.211232512290634
0.965693111334841 0.200476640744421
0.812761268361085 0.223931508377629
1.09744686364232 0.132228573342164
0.872945319451517 0.249582539937537
0.66071378063906 0.23288858813788
1.27807804362993 0.154348398695859
0.805603084695727 0.216510757238813
2.09491138405052 0.219114752990751
0.453831240878579 0.239966474380465
1.07862483236567 0.198194281668682
0.769159695526121 0.184438895625474
1.0856850136868 0.177706071923454
0.702270299660713 0.229542742338074
0.810805580846045 0.155176515893712
0.858726439030593 0.17819019351435
1.22196625386232 0.183014768857615
0.731155572583759 0.208014970101867
1.69253955799064 0.226011892873289
0.938408120259627 0.127989519124805
0.787033124836318 0.23144334958847
0.565704496659008 0.154799635676095
0.573471724218673 0.239204089357841
1.12901289726873 0.186921772165581
1.40186809968781 0.22238394636926
1.07497983658587 0.147488002766449
0.678930398347907 0.260459630178999
1.21924482494922 0.263741934764379
3.03612930038149 0.106457925788211
0.812808034433861 0.189638896660798
0.76688762874453 0.169223476777439
1.23415727284596 0.195306688226953
0.781581714896153 0.243229145059025
0.968970095994244 0.19353409638498
0.971536522987602 0.236397919717672
1.18377163315947 0.183900297627168
0.74056982959653 0.228834295255654
1.36872398956026 0.117262497450394
0.984305954517938 0.276430913128416
1.56013153456581 0.161689838527929
0.881823809100626 0.197620294368639
0.88642665083873 0.158107051004272
0.774107182346862 0.190520715429592
0.58339954443646 0.271399839523383
1.39396911752348 0.224664145114233
0.998047151901643 0.184575249272836
0.619642831389408 0.324902302735056
0.941805541873996 0.13436232591721
2.80917411122544 0.189288743934157
1.58255435438489 0.203153355597906
0.862922945228987 0.241693058361841
0.451995018196677 0.229548943099788
1.13857806678152 0.189109578883135
0.873561469375087 0.168904359586686
0.822789841324923 0.221716582536084
0.858622206940288 0.156705441988084
0.844441409366398 0.265270348460679
0.247689816761054 0.310154861216689
1.10900788014409 0.24481352158009
1.04284499772674 0.238724190648648
1.06639932790936 0.16201324534692
1.05455208750855 0.234812796346651
0.996843564656097 0.237833715681675
0.74218728397044 0.182795312934341
0.846038337806327 0.224597804656265
0.70009342789902 0.242834401587882
1.15201534686032 0.238901718782965
1.25639534670011 0.176701844877185
3.58376151193238 0.172757059667203
1.1149249478957 0.244733508359811
0.56782034896773 0.153555028992451
1.217095389881 0.230745957716872
0.901537032887943 0.220839630722594
0.597619686875602 0.202758596974683
1.46145583453877 0.21087770802019
1.31327172318501 0.263629910016283
1.32094493831389 0.197775024552648
1.0331862467623 0.132157526398509
1.79784861878994 0.14544334102359
0.735605810292791 0.248762178154098
0.8214258472894 0.18400640059971
1.09685632945265 0.194604601147822
0.910396843856332 0.216442115879195
0.698862747047834 0.217098089575644
1.29035900666337 0.2240272016119
1.02076842582275 0.155164516177803
0.906390242221915 0.218983685822911
0.86342941633817 0.183088664217802
1.46910655880351 0.158255095128919
0.793487616778657 0.192552092826412
1.00073325849334 0.194539958149859
0.532218699523934 0.153370748636412
1.46951323536059 0.146005158312892
0.86751569541762 0.183987234320785
0.679728145946794 0.210014413867875
0.794832920836848 0.160423710976644
1.51929576768245 0.179734396411831
0.711820924133864 0.183217792398648
1.2024020200854 0.292173338394892
1.02496658219589 0.192446148466571
0.65135927089327 0.130910326631503
0.888591467741487 0.249842838552219
0.481550960631209 0.266897654416572
0.840910459361867 0.139338887503248
0.909946268885329 0.294290963727529
0.88070945200897 0.224036583396024
0.855714885200153 0.174017997059604
1.16277192739579 0.212102282828696
1.40225648160367 0.187341836826228
0.739884230193246 0.175621694922306
0.948855324432196 0.107572243841181
1.00917547926549 0.146384307960433
0.937136137899493 0.172776727557392
0.796610061652288 0.158116146519851
0.900733432460905 0.243838548658084
1.02125151460951 0.231596366136679
0.96425834515409 0.204721364725468
0.552987294417337 0.161547766984102
1.28201644366366 0.231182235237057
1.14362983014599 0.171383744769633
1.20571613850964 0.186817838195632
0.984253476246378 0.149720722633855
0.512461112916699 0.229701434271548
0.955544086342761 0.214723999534991
1.07366351569132 0.180826577227912
0.810351668845497 0.198103792321787
0.718110847670047 0.224632708621709
1.0019229920912 0.197853123883912
1.79368739410787 0.238465473640887
0.737546162748603 0.17737855310695
1.03901172890085 0.194690075766702
0.918781314432721 0.270145407589247
1.07143041261859 0.220724268199542
0.885977530826572 0.219502843458195
0.576668232512455 0.172096919657246
0.943838136231134 0.122050641859319
1.69014677661613 0.126944218376684
2.29674313181221 0.149663013833767
1.61490754262764 0.224735318693907
1.60965965095791 0.13603749847034
1.25056575207845 0.242463926598104
0.711646730918008 0.236505999611095
1.04182366896822 0.192571792966982
1.69203128645517 0.128769127357668
0.779570370574545 0.214124121361858
0.715238195943946 0.262985384800264
0.865659177864079 0.297036747871893
0.410516633561078 0.224682618330381
2.85553001103649 0.184127299649094
0.636217944277492 0.22868333315323
0.753777001709908 0.194799812612747
0.865417419105941 0.162525171776586
0.837800152619179 0.233928562922018
0.665134127591877 0.154574433830759
0.482567139764909 0.24663529980065
1.38383323505512 0.223588287252521
0.551861181309649 0.213795798735394
1.48546049732727 0.239967096069227
2.22570788063113 0.171339140309186
0.817181523769044 0.179948187517827
1.21111575169022 0.128959855523303
1.55182000558768 0.215169390343381
0.784045732370074 0.111088479723516
0.897977449480613 0.19352580607801
0.651117029981557 0.155697552130894
0.967064762317035 0.155838855861248
1.30043462633395 0.200592477063022
1.27749381469813 0.208116142112784
0.360285118897711 0.230864461210122
0.739089332548797 0.290980804178651
0.956238237246095 0.188777196261678
1.22920910086837 0.240818147906165
0.805766038720383 0.193510647528618
1.29569184917287 0.176873051368023
0.474918187307049 0.244514479556533
1.20917992816214 0.303045679515939
0.809109062251276 0.192306855307246
0.995203069944913 0.155767485755034
1.18122444098554 0.266432073362858
0.864309002174097 0.218929000749125
1.33206194893114 0.151426990644828
2.06047223385809 0.173253899220872
0.36368373534398 0.254124293251869
0.971411515795241 0.230253944689013
1.23660380839857 0.157509563944502
0.696886299072281 0.201740548774607
0.89317853163423 0.165568409206084
0.788604889327229 0.262384605033579
1.58793012490317 0.219189169033991
0.610480004343657 0.283376656808126
0.7780450270547 0.221470634318219
1.44287340119885 0.168263308487946
0.664544728786323 0.163660157721718
0.689742557386727 0.235675518764797
0.758312839168609 0.156394800527561
0.669149241339695 0.273498071788402
1.39425872250981 0.151989359814373
0.782359209990488 0.200918656187273
2.27690286282262 0.14656650627489
0.783082450875221 0.245911331004222
0.57996108605149 0.257312280164017
0.666579702472974 0.199015767887183
1.06014970491605 0.175222099210034
1.50266549898205 0.235039899760503
0.380338206849826 0.268464177319779
1.12399927609248 0.253978189375387
1.12078820663204 0.141469238589827
0.956502567926378 0.171911189601366
2.48344776741315 0.157471618480712
1.41694892300104 0.167991907949077
1.55397942198395 0.216742553114743
0.95968205135422 0.179784231140689
0.765923895447226 0.176617901903758
0.704363152314852 0.159066499376225
0.96358015426858 0.138533403541145
0.917920833337859 0.246268350333577
1.1133450626827 0.107771012628973
0.799662234196368 0.201619936460718
2.62972657411714 0.188238759242416
0.672660109632885 0.228867961546435
0.888611650793793 0.150492489889268
1.25284154648321 0.174215642323954
0.484528814874595 0.182667374972785
1.29819018155656 0.175877726626288
1.36087405383069 0.117791992764697
1.03949003264102 0.198431777817435
1.59395554263303 0.200580712038136
1.19475138168719 0.204874351797278
1.5765029014379 0.222234476562376
0.645399606876979 0.225720772599856
1.129441170286 0.171491090686775
0.620638701255534 0.125700955108898
0.730587319169025 0.266110943915641
0.926572955111639 0.202709558135527
1.07104501759287 0.121275873196876
0.718799566550347 0.221046105258093
1.15172405612275 0.177099691299426
0.556345768520222 0.208841019635978
1.44836376340105 0.164776234703583
0.676558085124392 0.220348567609172
0.888686871793429 0.214349563388234
0.860383746955459 0.135660523017646
0.841951681476826 0.214709065689566
0.814766514381884 0.28008480358241
1.60300833329045 0.159764492451209
0.799053398479002 0.231182650422248
1.04518920978917 0.153925527712435
1.5931932837867 0.201974648100322
1.55102735975386 0.275360104232983
0.808802345361652 0.203627210996652
0.836793812973245 0.154938130413437
1.06241379114782 0.152970730852539
1.11064830867685 0.240099374484283
0.707704846412033 0.176648966786057
1.09927348193518 0.147358457652033
0.58173931011033 0.164010414051118
1.21350159604723 0.182947633394531
1.1551992701473 0.186586376830422
1.81745916549358 0.143856477533027
1.38352854718669 0.227441611317165
1.07448687476449 0.204017852053045
0.619844013868558 0.20047266222519
1.00727702014125 0.185817857817136
0.727828801098083 0.165762732265308
0.954721612247668 0.24690824393129
1.05704658010389 0.193937017807624
0.899542076993351 0.215757584454179
0.598378503514382 0.133702232768536
0.953614924790363 0.159366073703883
0.953910560384611 0.32233714273572
1.29276545876846 0.0710351144393283
0.937863595725824 0.213713406739065
0.83539231908005 0.212059285516414
0.970423709866227 0.137528394022712
0.633666907964595 0.172242982561371
0.84213638174635 0.158768448917597
0.816487188132455 0.225865981758885
0.645793796019639 0.23255905874955
1.61237863187015 0.26471147039547
1.20732520864556 0.138064869232465
0.731766707263231 0.254951157597783
1.01581176992018 0.262436787996272
1.29881062607482 0.24427830007329
0.77013559132919 0.167495675848509
0.625495698755585 0.130844256759434
0.945942409774846 0.229457395916394
0.799816803469213 0.266412085548087
0.945752550770532 0.208598074913586
1.99968500681729 0.250667452466203
0.645876613077477 0.187285420974314
1.12300900040792 0.23897763476852
0.857460703492916 0.181495174141805
0.956236517041166 0.184913425805065
0.704788561232747 0.196047240594905
0.707887771688548 0.181830544435023
0.888434423096635 0.272300689312926
1.69724073469298 0.122463318366523
0.966453004458721 0.277001254373379
1.65846099625392 0.217095814593685
0.76604713293852 0.189395975753057
0.59341276835514 0.245708161277894
0.526792385336613 0.266634067010268
1.35653220779408 0.142492595971983
0.583929300491844 0.24633073327495
0.812370747895443 0.328906833389899
1.34277918240284 0.150341114998342
0.867364637435455 0.16515521784849
0.797377458194426 0.199556789765077
1.81838512359917 0.127330787674741
1.03785691030568 0.160641979055521
0.522140277789247 0.207401092171492
1.10757515110766 0.152544782151909
0.977641494726919 0.139443656446399
0.613174921130829 0.266140551568598
2.3858446164825 0.132449899742661
1.26851040467013 0.273111402287953
0.955944549846602 0.192437682722742
1.51622745354599 0.101333097844093
1.03542437547185 0.157658539819792
1.22777686965087 0.144434276080412
1.42312695468981 0.147493597921104
0.645325019930086 0.334126577508255
0.819727889223875 0.179818094607825
0.436099583097697 0.265218786783215
0.757825072597515 0.267486916364038
1.12429574461202 0.167179170137682
1.16349555180045 0.184029211841083
0.52749814207598 0.18162429262162
2.02427150614712 0.134040924082726
0.786508036703958 0.234778778349192
0.744196258857762 0.271186619849382
0.798869220165971 0.133270641579438
1.50876103341592 0.194882889189293
0.985652996240643 0.256109386258939
1.50680178649123 0.214135450520502
1.30298548536684 0.214409271851905
0.437056219312875 0.261734676159377
0.696584056664397 0.151606613531574
0.760705193456572 0.201826659077691
0.694180727969089 0.269624773433956
0.682908516739514 0.20494873699625
0.869441802347 0.245858248366928
0.732998098385905 0.196604302165861
0.56643177967693 0.227106083528427
1.26380139512065 0.179918626929282
0.764104430995626 0.131629158101485
1.13798210792666 0.245401184221278
1.35769405261983 0.268229801113695
1.52702587438218 0.229434592091452
1.01497522243447 0.185215454681481
0.891764294327765 0.137534468119675
0.964905686403267 0.213078762071154
0.812280503780255 0.255783796772795
1.38309266265347 0.261246072225225
0.639437787078487 0.214109159870183
1.63520739458922 0.149718476177522
1.49437330918295 0.140574529480891
0.838247683303425 0.171819601409496
2.20473979151867 0.217581129807305
1.26215172826908 0.175925733426497
1.00933514221734 0.171400849451908
1.31034404870343 0.252463250340165
1.79710580703621 0.267904088571473
0.788850670076455 0.17438060632015
0.639124212194945 0.209856079631544
1.05428970729944 0.242560725108729
1.52900051484025 0.244489491172419
1.0665674576346 0.187534403492083
1.32557194475323 0.150506675249749
0.89545144945555 0.250594344634632
1.68064467885861 0.211530819833719
0.750136394778297 0.147011815489796
0.889557383409303 0.127600409906421
0.773672516623561 0.222118004869332
0.893444197679543 0.256669026336392
0.835983902272097 0.199419793008109
1.06625295734265 0.217049667589689
0.996086640412724 0.122451864453823
0.947631529970365 0.20483742644394
0.79234211539068 0.233110538201169
1.09476619936815 0.190593031843298
1.25430472182441 0.198262401560354
0.29646129363607 0.253957931872413
0.912109016470327 0.17238582434416
0.879211583552039 0.229255483431955
1.37128357689622 0.215237336496169
0.918989070915087 0.23060713401637
0.781210418563855 0.220094339973895
1.06376222241068 0.254902110883088
0.667193478276728 0.209126500553955
1.3508347868182 0.211786443606076
1.34756092095929 0.242128865534317
0.799388599984608 0.272257929019436
0.838759420004821 0.162332093785962
0.996027586097266 0.218538852846707
0.901917757577624 0.25216424557932
0.909071634366303 0.155938837729996
0.712681183475512 0.22185790305279
1.65879092621489 0.188220481437898
0.880927584130192 0.209775617697894
0.404874743639432 0.287490573557802
1.08722744025603 0.244336355037768
1.69769341473312 0.22172147832969
0.635514511511693 0.275805876233108
1.45359738721876 0.230776452250023
1.04436441661712 0.234851192340091
0.515457744810381 0.216120948385537
0.920031943168146 0.214593876342869
0.467664199363028 0.253602815652506
0.92556275696552 0.20951125926355
1.00119838610263 0.150642158974293
0.92384530582609 0.216617700806548
1.50199655121711 0.129037551693459
0.575969031934272 0.203325536591411
0.797227620702705 0.197009371267198
1.08679435104926 0.239422551798401
1.02980475937692 0.21448597888706
1.2052953534194 0.17163953250581
1.54022121927859 0.286621779999989
0.845437646530965 0.266154981534452
1.85570524139709 0.197290724784269
0.762608630242601 0.18495292679278
0.914450845219376 0.147989255233843
0.920498705146317 0.193966758141854
1.19749364090232 0.233779519614262
0.88730394470727 0.29304632863048
0.882451828969686 0.240292626047242
0.556858586352183 0.230323665493107
1.0698886019129 0.214616328292657
1.35540170157211 0.183400118935211
1.03810718108892 0.200902930896027
1.046210075162 0.164164153724541
0.581507773204156 0.160957935600891
0.389402868781061 0.181001856364985
1.25353955424375 0.176787326790271
1.3362513621435 0.245576798622752
1.79943307190771 0.184186305236599
1.54496307382647 0.189850375054892
1.6024697225519 0.133663311704005
1.09593478800098 0.187485298817191
1.43672624162477 0.147303635950478
0.724604769654248 0.165510495125415
0.931722690631117 0.137027702703879
1.06492562230461 0.190894963402235
0.520266388206061 0.256369744630903
1.82981552216817 0.209218104112811
1.0298811346702 0.24513883461155
0.96802231850405 0.231815832587723
1.05360220699503 0.221853956337048
1.51180333753054 0.122341267272646
0.971016469890024 0.1399363509365
1.59624833777104 0.279964080098073
1.56421685679185 0.160269999042245
0.72562568355319 0.156107238889586
0.918525449596544 0.292094910036762
0.739172434931285 0.205669215816683
0.956691408983659 0.151924500409597
1.35264790965289 0.180466401629918
0.578050023335852 0.202465937250158
0.837776057124371 0.178047668318645
1.39412510798749 0.0809306862796219
0.847809615217943 0.217682866412681
0.710691834283645 0.191673504523543
0.675627100990601 0.272920533768165
1.18187414513529 0.193916026580767
0.711945754481642 0.239665174889395
0.959415405066636 0.185677085544675
1.23728086098289 0.194974757935476
0.781645508374266 0.238074380605105
0.760247632016027 0.105938873468651
0.805607997269648 0.158709194871889
0.942079112332342 0.223281442888257
1.0881729088078 0.183548379144123
1.47223583132319 0.221301186431031
1.193379080175 0.224365212496553
0.982747912356076 0.174964942478588
0.828767724889401 0.158052562156253
1.2886854964077 0.14502705825734
1.98381711497367 0.189117975602406
0.637947998049959 0.211770472150984
0.752500329348904 0.144584730752718
1.29605790377376 0.231380023920199
1.5418917304807 0.102192253523751
0.676119241391227 0.184391512951444
1.34837316592751 0.23690754451528
0.81862814956433 0.230914332707299
0.682220939737043 0.164485321106729
1.03752695140615 0.222983867454489
0.960453122975023 0.208639315385802
2.00673571970743 0.132965684317884
0.906968000988703 0.182767130376198
1.14568947800961 0.21743558259372
0.955197414622587 0.169011264286991
0.402401159429667 0.242076321624667
0.730795556142645 0.23587307853665
0.878864527447911 0.137214660825469
1.04838746715108 0.196668708110303
0.560059376686186 0.138027262265781
2.84678737555235 0.18495423452008
1.10913811453371 0.246809511402627
0.776412739939113 0.263321699546095
0.789330163727917 0.201130627478124
0.649740431627437 0.130080759260992
1.28508137874952 0.20273641496723
0.693458858638485 0.205813534077457
0.703108773428427 0.224617157384208
0.995426553097311 0.283935195441418
1.32543065478612 0.185305887239326
0.824121719687931 0.138391710786699
0.736178618669052 0.221742042029197
1.23363604214654 0.165852100967448
1.04601912767335 0.202580960590902
1.37197817482876 0.281233377731292
0.599063167602683 0.231102936752875
1.05831780772986 0.145830941828407
0.909368773577384 0.156884565285076
1.12233915425165 0.312763273412957
0.813993904202986 0.166480856510837
1.50132949683963 0.209540067364364
0.735530002567911 0.171238528986713
0.791832623464541 0.221086059970168
1.01732288848435 0.223127160005203
0.913648233568285 0.21904785180121
1.25465916778263 0.187725224325899
0.957388967087591 0.145110505897044
0.889403884971493 0.248446074955728
1.27447697061164 0.149096779117245
0.78611860978982 0.135772621143111
0.632538575208229 0.206507911498378
0.976831759951587 0.179674630443059
0.561162294564329 0.196259803588644
1.17374170518951 0.32885376663264
0.958092139256364 0.170535477192071
1.28911550083324 0.198070098009368
1.64020315388469 0.195568780162581
0.598424099405941 0.23733154327399
1.10741817821478 0.14833152680069
0.91906663112868 0.217637917348601
0.697868576949834 0.271762158276679
1.81308250657631 0.151327020441171
0.912426369818523 0.159370001423077
0.948628589805234 0.236446436713108
0.894110847589433 0.195225043709268
0.892518057217046 0.160022656344513
0.987359321799362 0.168114211821545
0.999548712219868 0.196906559141114
1.1087980991794 0.139423889739559
1.99792874183419 0.128330355310562
1.15219253330611 0.218661102911723
1.04071100541178 0.134293014149345
2.04256914939257 0.196554750099478
1.91274567770158 0.136370463227066
1.1160781977594 0.217452602832497
1.03784658550931 0.247317409302345
0.551169589665085 0.125445346482494
0.775770995034018 0.194505625189649
1.26466442256239 0.196973245600139
0.867730214736942 0.174139138911746
1.81405356185709 0.137039379042942
1.00835348275268 0.302384307392227
1.46339972312979 0.179544512451913
0.838644681829272 0.165378899891364
0.526142217195086 0.168221231964023
1.74231853002094 0.133081515322802
0.775997840360369 0.16010875595091
0.588970367378907 0.301987517080042
0.414575845990467 0.189050604783443
1.30785218336734 0.157210498374407
1.05436034875887 0.175900763560333
0.542211944863319 0.358369958182465
0.869094608589709 0.161903741034075
0.668859347383417 0.278487143223186
1.77956688836913 0.247183618538109
1.19944987692012 0.214856738142169
1.14036517001162 0.171811785825282
1.10793367082276 0.159848986170417
1.07199136949769 0.173987808750369
1.15886806787296 0.212960643715523
